
'--------------------------------------------------------------
'Input File for simple Rietveld Refinement
'Use save/set current button then run with F6 in topas
'Replace $ and # symbols with text/numbers as needed
'--------------------------------------------------------------

r_wp  1.3868072 r_exp  0.176363103 r_p  0.985763853 r_wp_dash  8.84997038 r_p_dash  10.6412863 r_exp_dash  1.1254688 weighted_Durbin_Watson  0.225799238 gof  7.8633636

'--------------------------------------------------------------
'General information about refinement here
'Remove comments as required
'--------------------------------------------------------------

iters 100000
chi2_convergence_criteria 0.0001
do_errors

'--------------------------------------------------------------
'Information on datafile etc here
'Check that default weighting is appropriate for your data
'--------------------------------------------------------------
xdd PND_ILL_CrCl2pym_30K.xye
	x_calculation_step = Yobs_dx_at(Xo); convolution_step 4
	bkg @  192.000368`_0.206433427 -8.91625859`_0.284465952 -0.350757007`_0.257657288 -0.366511198`_0.25085843 -0.260693998`_0.293157021  0.637502466`_0.213917894
	lam ymin_on_ymax 0.0001 la 1.0 lo 2.52 lh 0.5
	neutron_data
	start_X 10
	finish_X 75
	LP_Factor( 90)         

'--------------------------------------------------------------
'Information on structure
'Type in phase/space group/cell etc                                                                                                         
'Comment in/out sections as needed
'--------------------------------------------------------------
	str 
	   space_group "P 1 21/m 1"                                                                           
		a pa  3.659642`_0.000858
		b pb  12.100077`_0.002344
		c pc  7.055808`_0.001830
		al 90       
		be beta  93.09226`_0.03213_LIMIT_MIN_92.69226
		ga 90                                                                                                                
		volume  311.990`_0.125 
		prm !b_all  1 max 5
		site Cr1    x 0.500000      y 0.500000      z 0.500000      occ Cr   1         ADPs { 0.0183  0.0048  0.0136  -0.00072  -0.0007  0.00077 }
		site Cl1    x 0.96113       y 0.42405       z 0.72019       occ Cl   1        ADPs { 0.0190  0.0102  0.0159  0.00160  -0.0004  0.00045 }
		site N1     x 0.5154        y 0.65195       z 0.6552        occ N    1        ADPs {  0.0195  0.0077  0.0152  0.0008  -0.0001  0.0002 }
		site C1     x 0.5324        y 0.750000      z 0.5693        occ C    1        ADPs {  0.0198  0.0096  0.0152  0.000  -0.0005  0.000 }
		site H1     x 0.558176      y 0.750000      z 0.439275     occ H    1        beq  = b_all ;:1.00000                                             
		site C2     x 0.4790        y 0.65273       z 0.8440        occ C    1       ADPs {  0.0234  0.0096  0.0152  0.0018  0.0012  -0.0006 }
		site H2     x 0.466035      y 0.585890      z  0.908132     occ H    1        beq  = b_all ;:1.00000
		site C3     x 0.4606        y 0.750000      z 0.9442        occ C    1        ADPs {  0.0269  0.0124  0.0163  0.000  0.0014  0.000 }                                  
		site H3     x 0.436705      y 0.75000      z 1.074324     occ H    1         beq  = b_all ;:1.00000                                                                    
		scale @  0.133907432`_0.001449
		r_bragg  0.943662159                                                 
		TCHZ_Peak_Type(pku,-0.60691`_0.74363_LIMIT_MIN_-0.80691,pkv, -1.00000`_0.58127_LIMIT_MIN_-1,pkw,  0.15630`_0.09337,!pkz, 0.0000,pky, 0.44217`_0.16257_LIMIT_MIN_0.24217,!pkxz, 0.0000)
		Simple_Axial_Model(axial, 17.66983`_0.46295)                                       
		Phase_Density_g_on_cm3( 2.16079`_0.00087)                                                                                                                                                
		prm D0  91.07903`_80.26104
		prm Dhkl = Max(D0 Ahkl, 1);
		lor_fwhm = 0.1 57.2957795130823 Lam / (Cos(Th) (Dhkl));
		
		spherical_harmonics_hkl Ahkl
			sh_order  4 load sh_Cij_prm {
			y00   !Ahkl_c00  1.00000
			y20   Ahkl_c20   2.18101`_1.27838
			y22p  Ahkl_c22p -0.11614`_1.19864
			y22m  Ahkl_c22m  1.09027`_1.05068
			y40   Ahkl_c40  -0.29240`_1.05327
			y42p  Ahkl_c42p  0.56326`_0.35894
			y42m  Ahkl_c42m -0.17843`_0.27737
			y44p  Ahkl_c44p  0.72764`_0.68391
			y44m  Ahkl_c44m  1.71096`_1.27456
			} 

 ' view_structure
 
xdd_out PND_ILL_CrCl2pym_30K_riet_final.dat load out_record out_fmt out_eqn
{
       " %11.5f  " = X;
       " %11.5f  " = Yobs;
       " %11.5f  " = Ycalc;
       " %11.5f\n" = Yobs-Ycalc;
   }
 out PND_ILL_CrCl2pym_30K_riet_final_rug_marks.dat
      Out_String("\tHKL reflection markers:\n")

      for strs {
        phase_out PND_ILL_CrCl2pym_30K_riet_final_rug_marks.dat  load out_record out_fmt out_eqn
        {
           " %3.0f" = H;
           " %3.0f" = K;
           " %3.0f" = L;
           " %3.0f" = M;
            " %11.5f"   = 2* Pi/D_spacing;
           " %11.5f"   = D_spacing;
           " %11.5f\n"   = 2 Rad Th;
        }
      }
   }
C_matrix_normalized
{
                             1   2   3   4   5   6   7   8   9  10  11  12  13  14  15  16  17  18  19  20  21  22  23  24  25
bkg26231904            1:  100  27  27  21   1  16 -10   3  -6  -2 -66   7   8  10   5   9   6  -7   9  -4  -4   2 -11   9   8
bkg26229088            2:   27 100  16  67  15  48   1   1   3   0 -17   2   2   2   2  -0   0  -2   2  -0  -3   3  -4  -2   1
bkg26224480            3:   27  16 100  19  43  12   2   2   7   2  24  -2  -4  -4  -0  -5  -1   4  -4   3  -1   1   3  -8  -2
bkg26227296            4:   21  67  19 100  14  56  -0  -0   4  -0  -8  -1  -2  -1  -0  -3  -1   2  -1  -2   0  -0  -5  -4  -1
bkg26237280            5:    1  15  43  14 100  28  17  -5  10   3  45  -7  -6  -8  -5 -15  -9   4  -7  -0   4  -2   1 -10 -10
bkg26232160            6:   16  48  12  56  28 100  11  -5   5  -2  -1  -5  -4  -4  -4  -8  -7   3  -3  -5   4  -4  -7  -5  -7
pa                     7:  -10   1   2  -0  17  11 100 -24  29   9  19  -9  -8  -9  -7 -10 -11   7  -8  -2   5  -5  -7 -27 -11
pb                     8:    3   1   2  -0  -5  -5 -24 100 -35  17  -4  51  39  40  52  43  49 -40  30  34 -41  43  45   6  55
pc                     9:   -6   3   7   4  10   5  29 -35 100  17  13   6   0  -1  13   4   4  -1  -4  21 -20  19  -1 -78   3
beta                  10:   -2   0   2  -0   3  -2   9  17  17 100   5  31  34  37  24  28  31 -35  34  28 -34  36  19  -5  27
scale20754640_        11:  -66 -17  24  -8  45  -1  19  -4  13   5 100  -9 -10 -13  -5 -15 -10   8 -12   8   3  -1  15 -17 -11
Ahkl_c20              12:    7   2  -2  -1  -7  -5  -9  51   6  31  -9 100  94  93  96  96  58 -95  86  80 -80  76  91   1  96
Ahkl_c22p             13:    8   2  -4  -2  -6  -4  -8  39   0  34 -10  94 100  99  84  96  40-100  98  73 -72  68  84   8  83
Ahkl_c22m             14:   10   2  -4  -1  -8  -4  -9  40  -1  37 -13  93  99 100  81  94  49 -99  98  73 -73  69  83   9  84
Ahkl_c40              15:    5   2  -0  -0  -5  -4  -7  52  13  24  -5  96  84  81 100  92  51 -85  72  77 -78  75  87  -8  94
Ahkl_c42p             16:    9  -0  -5  -3 -15  -8 -10  43   4  28 -15  96  96  94  92 100  37 -96  91  73 -74  70  84   3  86
Ahkl_c42m             17:    6   0  -1  -1  -9  -7 -11  49   4  31 -10  58  40  49  51  37 100 -43  31  55 -60  60  54  -5  73
Ahkl_c44p             18:   -7  -2   4   2   4   3   7 -40  -1 -35   8 -95-100 -99 -85 -96 -43 100 -97 -74  74 -70 -85  -7 -85
Ahkl_c44m             19:    9   2  -4  -1  -7  -3  -8  30  -4  34 -12  86  98  98  72  91  31 -97 100  65 -64  60  76  13  72
pku                   20:   -4  -0   3  -2  -0  -5  -2  34  21  28   8  80  73  73  77  73  55 -74  65 100 -97  93  76 -12  78
pkv                   21:   -4  -3  -1   0   4   4   5 -41 -20 -34   3 -80 -72 -73 -78 -74 -60  74 -64 -97 100 -99 -68  12 -78
pkw                   22:    2   3   1  -0  -2  -4  -5  43  19  36  -1  76  68  69  75  70  60 -70  60  93 -99 100  62 -12  74
pky                   23:  -11  -4   3  -5   1  -7  -7  45  -1  19  15  91  84  83  87  84  54 -85  76  76 -68  62 100   5  92
axial                 24:    9  -2  -8  -4 -10  -5 -27   6 -78  -5 -17   1   8   9  -8   3  -5  -7  13 -12  12 -12   5 100   2
D0                    25:    8   1  -2  -1 -10  -7 -11  55   3  27 -11  96  83  84  94  86  73 -85  72  78 -78  74  92   2 100
}